trace_type q lam checks checks_lo checks_hi netrew netrew_lo netrew_hi slope100 slope100_lo slope100_hi belief_leave disaster qgap pers winstay loseshift
1 0.6 0 2.747 2.65904 2.83496 -0.20235 -0.240448 -0.164252 0.134768 0.100796 0.16874 0.0595032 0.0065 0.697439 0.771429 0.838945 0.368527
1 0.6 0.2 2.7735 2.6872 2.8598 -0.198675 -0.231781 -0.165569 0.122108 0.0818638 0.162353 0.060995 0.006 0.909976 0.736607 0.833377 0.416905
1 0.6 0.4 2.8555 2.76741 2.94359 -0.202775 -0.255053 -0.150497 0.162156 0.125081 0.19923 0.0599172 0.006 0.819925 0.708929 0.832673 0.421846
1 0.6 0.6 2.81 2.70101 2.91899 -0.2205 -0.268894 -0.172106 0.134053 0.0861722 0.181933 0.0608761 0.008 0.796488 0.61875 0.820553 0.487073
1 0.6 0.8 2.7725 2.64364 2.90136 -0.208625 -0.249794 -0.167456 0.140837 0.0908719 0.190803 0.0617343 0.007 0.723183 0.4375 0.776601 0.50221
1 0.6 0.9 2.764 2.67153 2.85647 -0.2332 -0.300478 -0.165922 0.116016 0.078227 0.153805 0.0624808 0.0095 0.854488 0.399107 0.796554 0.392349
1 0.6 0.95 2.7765 2.6509 2.9021 -0.218825 -0.282856 -0.154794 0.146222 0.0836763 0.208768 0.0617642 0.008 0.852199 0.358929 0.781526 0.392627
1 0.6 0.99 2.7005 2.56434 2.83666 -0.175025 -0.203857 -0.146193 0.130167 0.0842059 0.176128 0.0635717 0.004 0.795318 0.383036 0.703781 0.42382
1 0.8 0 3.127 2.92711 3.32689 -0.21135 -0.238256 -0.184444 0.173005 0.0935083 0.252502 0.0288948 0.0055 1.4268 0.776786 0.844708 0.38507
1 0.8 0.2 2.8305 2.65006 3.01094 -0.211525 -0.244889 -0.178161 0.117148 0.0523262 0.18197 0.032696 0.007 1.33821 0.708929 0.841634 0.418485
1 0.8 0.4 3.0165 2.80411 3.22889 -0.215825 -0.253961 -0.177689 0.182103 0.106401 0.257805 0.0328945 0.0065 0.832555 0.6875 0.831083 0.455102
1 0.8 0.6 3.208 2.903 3.513 -0.2354 -0.279885 -0.190915 0.279202 0.179375 0.37903 0.032134 0.0075 1.43799 0.610714 0.831828 0.471778
1 0.8 0.8 2.988 2.79328 3.18272 -0.2144 -0.236152 -0.192648 0.170126 0.0919969 0.248255 0.0309401 0.0065 1.49643 0.505357 0.753632 0.484948
1 0.8 0.9 3.023 2.83797 3.20803 -0.23115 -0.267695 -0.194605 0.179514 0.0987476 0.260281 0.0306287 0.008 1.47973 0.345536 0.807094 0.385893
1 0.8 0.95 2.8975 2.73788 3.05712 -0.209875 -0.250706 -0.169044 0.165887 0.108433 0.22334 0.0323972 0.0065 1.06493 0.322321 0.784787 0.389501
1 0.8 0.99 2.746 2.48012 3.01188 -0.2423 -0.289151 -0.195449 0.145983 0.0523962 0.239569 0.0355523 0.0105 0.615074 0.39375 0.718342 0.41756
1 0.95 0 2.102 1.9488 2.2552 -0.1401 -0.168257 -0.111943 -0.0034069 -0.0800201 0.0732063 0.011028 0.0035 0.495451 0.739286 0.837642 0.388875
1 0.95 0.2 2.2695 2.10781 2.43119 -0.153475 -0.181766 -0.125184 0.0642173 -0.00249077 0.130925 0.0105017 0.004 0.611793 0.7375 0.848907 0.390981
1 0.95 0.4 2.3545 2.20306 2.50594 -0.147725 -0.172582 -0.122868 0.081803 0.0246032 0.139003 0.00856221 0.003 0.67841 0.702679 0.832963 0.425399
1 0.95 0.6 2.3235 2.1585 2.4885 -0.171175 -0.206495 -0.135855 0.0897615 0.0232166 0.156306 0.0100328 0.0055 0.523514 0.613393 0.814495 0.490414
1 0.95 0.8 2.228 2.05179 2.40421 -0.1414 -0.169018 -0.113782 0.0270892 -0.0448999 0.0990784 0.0110987 0.003 0.387086 0.428571 0.782575 0.503586
1 0.95 0.9 2.3165 2.15133 2.48167 -0.185825 -0.225545 -0.146105 0.0836143 0.0230786 0.14415 0.0108626 0.007 0.697018 0.375 0.79809 0.398464
1 0.95 0.95 2.2015 2.05604 2.34696 -0.165075 -0.196631 -0.133519 0.0277853 -0.0376897 0.0932604 0.0106996 0.0055 0.608354 0.309821 0.783283 0.355901
1 0.95 0.99 2.261 2.11497 2.40703 -0.15805 -0.193193 -0.122907 0.0475194 -0.0144503 0.109489 0.0106181 0.0045 0.614098 0.375893 0.706975 0.411716
0 0.6 0 2.783 2.69473 2.87127 -0.18415 -0.213527 -0.154773 0.118127 0.0744884 0.161765 0.0610379 0.0045 0.669093 0.779464 0.839268 0.39046
0 0.6 0.2 2.8295 2.70765 2.95135 -0.191475 -0.231118 -0.151832 0.147559 0.107543 0.187575 0.0597934 0.005 0.713097 0.792857 0.824754 0.374681
0 0.6 0.4 2.7535 2.64677 2.86023 -0.157675 -0.179707 -0.135643 0.120442 0.0832178 0.157667 0.059153 0.002 0.778674 0.740179 0.794309 0.412676
0 0.6 0.6 2.7985 2.71488 2.88212 -0.194925 -0.230872 -0.158978 0.134716 0.0964465 0.172986 0.061259 0.0055 0.813063 0.754464 0.757606 0.449002
0 0.6 0.8 2.6535 2.54424 2.76276 -0.222675 -0.261268 -0.184082 0.113701 0.0670236 0.160378 0.062568 0.009 0.939612 0.714286 0.678087 0.475108
0 0.6 0.9 2.7515 2.65251 2.85049 -0.212575 -0.256964 -0.168186 0.155464 0.106113 0.204814 0.0614612 0.0075 0.878295 0.688393 0.605694 0.495111
0 0.6 0.95 2.84 2.73151 2.94849 -0.212 -0.263558 -0.160442 0.177303 0.136356 0.21825 0.0620267 0.007 0.82031 0.583036 0.586198 0.498954
0 0.6 0.99 2.7135 2.61111 2.81589 -0.230675 -0.277224 -0.184126 0.156426 0.128343 0.184509 0.0622268 0.0095 0.922148 0.594643 0.573807 0.461523
0 0.8 0 2.9485 2.75158 3.14542 -0.237425 -0.278089 -0.196761 0.163358 0.0992531 0.227463 0.0323142 0.009 1.51489 0.78125 0.844736 0.373042
0 0.8 0.2 3.031 2.83583 3.22617 -0.22655 -0.267402 -0.185698 0.185623 0.113112 0.258134 0.0322142 0.0075 1.02546 0.786607 0.829618 0.381379
0 0.8 0.4 2.913 2.73034 3.09566 -0.21565 -0.255342 -0.175958 0.160431 0.0797915 0.241071 0.0318639 0.007 1.16935 0.759821 0.799174 0.423421
0 0.8 0.6 2.932 2.77988 3.08412 -0.2016 -0.234931 -0.168269 0.162447 0.113266 0.211628 0.0322159 0.0055 1.16746 0.745536 0.760571 0.446837
0 0.8 0.8 3.0055 2.80912 3.20188 -0.220275 -0.253169 -0.187381 0.184519 0.0951322 0.273906 0.0313959 0.007 0.906396 0.70625 0.675041 0.457483
0 0.8 0.9 3.0815 2.8199 3.3431 -0.239075 -0.285817 -0.192333 0.25268 0.146172 0.359188 0.0316211 0.0085 1.40645 0.674107 0.633253 0.471943
0 0.8 0.95 2.8885 2.65656 3.12044 -0.174425 -0.207591 -0.141259 0.148252 0.0653501 0.231153 0.0323171 0.003 1.07677 0.64375 0.596849 0.455777
0 0.8 0.99 2.764 2.5342 2.9938 -0.1832 -0.228283 -0.138117 0.154124 0.0857149 0.222533 0.0326903 0.0045 0.945046 0.588393 0.536831 0.496028
0 0.95 0 2.223 2.08241 2.36359 -0.17615 -0.21127 -0.14103 0.0472723 -0.0095892 0.104134 0.0113215 0.0065 0.668666 0.7875 0.8603 0.373981
0 0.95 0.2 2.289 2.14331 2.43469 -0.14945 -0.174829 -0.124071 0.0334155 -0.0460801 0.112911 0.0100091 0.0035 0.465522 0.754464 0.823917 0.404698
0 0.95 0.4 2.3255 2.20528 2.44572 -0.186275 -0.214497 -0.158053 0.0862862 0.0297381 0.142834 0.0100013 0.007 0.867461 0.752679 0.796418 0.434622
0 0.95 0.6 2.277 2.1193 2.4347 -0.15885 -0.191492 -0.126208 0.0588472 -0.0013445 0.119039 0.00971876 0.0045 0.582764 0.7375 0.755368 0.436471
0 0.95 0.8 2.1605 2.01082 2.31018 -0.158025 -0.183252 -0.132798 0.0247787 -0.0432559 0.0928134 0.0117569 0.005 0.526777 0.686607 0.689446 0.476108
0 0.95 0.9 2.229 2.0578 2.4002 -0.15145 -0.18532 -0.11758 0.0502273 -0.0114537 0.111908 0.0116114 0.004 0.554743 0.669643 0.636416 0.467895
0 0.95 0.95 2.233 2.08078 2.38522 -0.14665 -0.176705 -0.116595 0.0278917 -0.0321267 0.0879102 0.0114765 0.0035 0.507162 0.635714 0.583672 0.48783
0 0.95 0.99 2.277 2.12639 2.42761 -0.16385 -0.194702 -0.132998 0.0619743 0.00698044 0.116968 0.0113901 0.005 0.482446 0.579464 0.57309 0.475605
